corrPB_rho =

    0.0726   -0.2485   -0.4188   -0.1154   -0.2499   -0.2708   -0.2361

>> corrPB_p

corrPB_p =

    0.4750    0.0131    0.0000    0.2552    0.0126    0.0067    0.0186